32
01011001000100011011110101010101
00000100010000001100111010000011
00001010100000001111111111111101
00000000000000101010011110100001
00000011010000001101111111110001
01000100001000001101111111111100
00100001000000001110110111011010
10000001000010101100101011110111
00000000000110001011110110001110
00000000010000000110011100111111
00001101101000101001000111110111
10000000010000001001011111101100
00000010000001001101110111011111
01100100000010000110000011001110
00000000000000000001001101000101
10000000001010000101111111111111
10001001010010011000010000000000
11100000101001000000000000000000
00000000000000100100000000000000
00000010100000000000000000000001
10001000010001000000000000000000
00000010110001100000000000000000
00100000110000000000000000001000
00000000000100000000000000000000
00000100000000100000010100001000
01101001000000010000000000000000
10100000010011000010000000000000
00000000001010100000000000000000
01000000000111000000000000000000
01000101100000110000000000000000
01010110000101100000000100000000
00000100001010000000000000000000